500 224
600 325
700 441
800 574
900 379
1000 462
1100 557
1200 661
1300 771
1400 897
1500 1023
1600 1162
1700 692
1800 769
1900 871
2000 946
2100 1039
2200 1146
2300 1238
2400 1353
2500 1453
2600 1571
2700 1689
2800 1816
2900 1959
3000 2080
3100 2209
3200 2360
3300 1346
3400 1427
3500 1499
3600 1585
3700 1687
3800 1777
3900 1863
4000 1942
4100 2029
4200 2123
4300 2223
4400 2330
4500 2445
4600 2549
4700 2635
4800 2745
4900 2870
5000 2971
5100 3094
5200 3202
5300 3324
5400 3499
5500 3574
5600 3690
5700 3818
5800 3957
5900 4090
6000 4216
6100 4393
6200 4519
6300 4635
6400 4799
6500 2685
6600 2795
6700 2842
6800 2926
6900 3018
7000 3087
7100 3165
7200 3253
7300 3355
7400 3504
7500 3508
7600 3691
7700 3774
7800 3848
7900 3987
8000 4071
8100 4145
8200 4284
8300 4317
8400 4489
8500 4536
8600 4620
8700 4727
8800 4859
8900 4935
9000 5029
9100 5148
9200 5249
9300 5367
9400 5464
9500 5595
9600 5702
9700 5808
9800 5947
9900 6037
10000 6142
