500 442
600 637
700 866
800 1130
900 728
1000 895
1100 1081
1200 1289
1300 1506
1400 1746
1500 2002
1600 2275
1700 1318
1800 1472
1900 1662
2000 1812
2100 1997
2200 2211
2300 2384
2400 2595
2500 2812
2600 3040
2700 3272
2800 3517
2900 3820
3000 4041
3100 4303
3200 4582
3300 2518
3400 2671
3500 2820
3600 2982
3700 3190
3800 3343
3900 3484
4000 3659
4100 3843
4200 4028
4300 4214
4400 4438
4500 4661
4600 4831
4700 5019
4800 5231
4900 5475
5000 5678
5100 5913
5200 6123
5300 6357
5400 6740
5500 6862
5600 7078
5700 7338
5800 7624
5900 7857
6000 8129
6100 8439
6200 8729
6300 8939
6400 9249
6500 4934
6600 5101
6700 5237
6800 5399
6900 5601
7000 5706
7100 5862
7200 6037
7300 6188
7400 6375
7500 6519
7600 6841
7700 7003
7800 7141
7900 7456
8000 7586
8100 7699
8200 7975
8300 8084
8400 8401
8500 8516
8600 8692
8700 8900
8800 9114
8900 9303
9000 9466
9100 9702
9200 9868
9300 10103
9400 10297
9500 10559
9600 10748
9700 10956
9800 11234
9900 11401
10000 11652
