500 224
600 330
700 443
800 577
900 387
1000 470
1100 565
1200 668
1300 779
1400 913
1500 1031
1600 1175
1700 708
1800 784
1900 895
2000 968
2100 1062
2200 1164
2300 1269
2400 1393
2500 1477
2600 1592
2700 1715
2800 1848
2900 1970
3000 2114
3100 2237
3200 2405
3300 1396
3400 1483
3500 1549
3600 1640
3700 1734
3800 1825
3900 1957
4000 2022
4100 2097
4200 2188
4300 2296
4400 2387
4500 2511
4600 2651
4700 2713
4800 2827
4900 2954
5000 3052
5100 3182
5200 3292
5300 3424
5400 3553
5500 3660
5600 3786
5700 3911
5800 4046
5900 4200
6000 4303
6100 4517
6200 4603
6300 4739
6400 4912
6500 2823
6600 2981
6700 2985
6800 3069
6900 3143
7000 3240
7100 3311
7200 3398
7300 3498
7400 3801
7500 3657
7600 3868
7700 3971
7800 4041
7900 4136
8000 4251
8100 4357
8200 4502
8300 4482
8400 4668
8500 4695
8600 4775
8700 4887
8800 5064
8900 5099
9000 5222
9100 5323
9200 5460
9300 5579
9400 5667
9500 5791
9600 5915
9700 6022
9800 6164
9900 6261
10000 6321
