500 6
600 10
700 14
800 15
900 23
1000 23
1100 25
1200 28
1300 29
1400 33
1500 36
1600 37
1700 51
1800 53
1900 56
2000 58
2100 60
2200 63
2300 63
2400 72
2500 72
2600 81
2700 81
2800 84
2900 88
3000 86
3100 87
3200 95
3300 125
3400 128
3500 129
3600 134
3700 137
3800 163
3900 149
4000 146
4100 148
4200 155
4300 159
4400 167
4500 165
4600 166
4700 173
4800 179
4900 183
5000 185
5100 188
5200 193
5300 193
5400 205
5500 201
5600 207
5700 206
5800 202
5900 215
6000 217
6100 224
6200 225
6300 227
6400 238
6500 300
6600 303
6700 304
6800 310
6900 312
7000 315
7100 322
7200 326
7300 379
7400 337
7500 349
7600 364
7700 348
7800 363
7900 370
8000 376
8100 379
8200 375
8300 386
8400 399
8500 397
8600 394
8700 396
8800 400
8900 405
9000 401
9100 419
9200 421
9300 421
9400 428
9500 435
9600 443
9700 446
9800 444
9900 451
10000 455
