500 52
600 64
700 77
800 90
900 105
1000 120
1100 132
1200 147
1300 163
1400 177
1500 195
1600 201
1700 219
1800 233
1900 250
2000 266
2100 278
2200 290
2300 312
2400 324
2500 333
2600 345
2700 363
2800 382
2900 398
3000 416
3100 424
3200 440
3300 465
3400 482
3500 504
3600 521
3700 524
3800 537
3900 553
4000 572
4100 583
4200 600
4300 632
4400 641
4500 650
4600 670
4700 685
4800 694
4900 703
5000 716
5100 730
5200 744
5300 764
5400 778
5500 793
5600 812
5700 845
5800 850
5900 881
6000 887
6100 902
6200 916
6300 930
6400 948
6500 989
6600 1018
6700 1035
6800 1075
6900 1108
7000 1097
7100 1116
7200 1126
7300 1129
7400 1119
7500 1135
7600 1148
7700 1165
7800 1180
7900 1209
8000 1211
8100 1225
8200 1266
8300 1268
8400 1281
8500 1296
8600 1313
8700 1334
8800 1344
8900 1387
9000 1381
9100 1394
9200 1406
9300 1424
9400 1453
9500 1458
9600 1483
9700 1499
9800 1504
9900 1522
10000 1548
