500 61
600 78
700 97
800 118
900 116
1000 132
1100 153
1200 172
1300 195
1400 214
1500 241
1600 251
1700 236
1800 252
1900 272
2000 286
2100 319
2200 331
2300 347
2400 375
2500 383
2600 402
2700 424
2800 457
2900 476
3000 508
3100 519
3200 539
3300 486
3400 504
3500 532
3600 569
3700 572
3800 574
3900 603
4000 623
4100 640
4200 653
4300 703
4400 716
4500 720
4600 746
4700 761
4800 782
4900 790
5000 814
5100 830
5200 850
5300 877
5400 895
5500 919
5600 943
5700 984
5800 989
5900 1034
6000 1050
6100 1058
6200 1087
6300 1106
6400 1132
6500 1051
6600 1058
6700 1060
6800 1119
6900 1155
7000 1131
7100 1163
7200 1180
7300 1197
7400 1181
7500 1200
7600 1218
7700 1235
7800 1253
7900 1297
8000 1293
8100 1311
8200 1375
8300 1358
8400 1379
8500 1396
8600 1419
8700 1438
8800 1457
8900 1528
9000 1498
9100 1520
9200 1540
9300 1560
9400 1587
9500 1600
9600 1627
9700 1661
9800 1665
9900 1687
10000 1707
