500 63
600 75
700 93
800 106
900 127
1000 150
1100 163
1200 178
1300 197
1400 215
1500 237
1600 244
1700 267
1800 284
1900 305
2000 328
2100 333
2200 352
2300 382
2400 391
2500 411
2600 418
2700 445
2800 459
2900 488
3000 504
3100 512
3200 534
3300 572
3400 589
3500 618
3600 640
3700 639
3800 656
3900 682
4000 705
4100 716
4200 751
4300 770
4400 778
4500 795
4600 827
4700 847
4800 850
4900 869
5000 877
5100 897
5200 914
5300 937
5400 955
5500 972
5600 994
5700 1038
5800 1037
5900 1086
6000 1088
6100 1113
6200 1118
6300 1135
6400 1154
6500 1215
6600 1238
6700 1305
6800 1331
6900 1371
7000 1366
7100 1398
7200 1400
7300 1413
7400 1388
7500 1406
7600 1425
7700 1445
7800 1462
7900 1499
8000 1502
8100 1519
8200 1538
8300 1581
8400 1590
8500 1606
8600 1628
8700 1654
8800 1667
8900 1687
9000 1720
9100 1726
9200 1737
9300 1761
9400 1816
9500 1809
9600 1851
9700 1858
9800 1862
9900 1884
10000 1906
