500 34
600 39
700 43
800 47
900 73
1000 80
1100 82
1200 91
1300 97
1400 104
1500 108
1600 109
1700 155
1800 164
1900 173
2000 185
2100 184
2200 187
2300 209
2400 207
2500 205
2600 216
2700 221
2800 232
2900 230
3000 236
3100 243
3200 249
3300 338
3400 353
3500 362
3600 354
3700 361
3800 382
3900 375
4000 390
4100 395
4200 397
4300 424
4400 431
4500 437
4600 437
4700 447
4800 452
4900 452
5000 457
5100 463
5200 470
5300 479
5400 485
5500 490
5600 499
5700 513
5800 525
5900 523
6000 524
6100 535
6200 544
6300 550
6400 558
6500 703
6600 758
6700 740
6800 776
6900 799
7000 796
7100 787
7200 798
7300 778
7400 790
7500 799
7600 803
7700 815
7800 827
7900 831
8000 840
8100 845
8200 885
8300 867
8400 876
8500 886
8600 893
8700 910
8800 910
8900 947
9000 926
9100 937
9200 941
9300 952
9400 958
9500 965
9600 973
9700 979
9800 987
9900 996
10000 1031
