500 66
600 73
700 108
800 119
900 133
1000 139
1100 150
1200 161
1300 188
1400 233
1500 246
1600 258
1700 267
1800 277
1900 294
2000 305
2100 324
2200 335
2300 348
2400 358
2500 368
2600 406
2700 489
2800 500
2900 512
3000 524
3100 534
3200 551
3300 561
3400 574
3500 586
3600 604
3700 611
3800 623
3900 636
4000 648
4100 659
4200 676
4300 701
4400 701
4500 714
4600 727
4700 738
4800 753
4900 765
5000 781
5100 795
5200 873
5300 970
5400 1043
5500 1053
5600 1089
5700 1088
5800 1090
5900 1106
6000 1117
6100 1135
6200 1146
6300 1161
6400 1172
6500 1187
6600 1202
6700 1216
6800 1228
6900 1244
7000 1270
7100 1267
7200 1281
7300 1293
7400 1307
7500 1321
7600 1336
7700 1348
7800 1372
7900 1374
8000 1392
8100 1413
8200 1415
8300 1433
8400 1450
8500 1469
8600 1474
8700 1486
8800 1504
8900 1518
9000 1532
9100 1544
9200 1567
9300 1575
9400 1585
9500 1600
9600 1614
9700 1625
9800 1653
9900 1663
10000 1668
