500 71
600 75
700 105
800 117
900 131
1000 139
1100 152
1200 166
1300 188
1400 223
1500 238
1600 249
1700 260
1800 272
1900 288
2000 301
2100 321
2200 334
2300 349
2400 364
2500 374
2600 403
2700 465
2800 475
2900 489
3000 502
3100 512
3200 529
3300 541
3400 556
3500 567
3600 601
3700 594
3800 609
3900 621
4000 635
4100 645
4200 665
4300 693
4400 689
4500 708
4600 721
4700 733
4800 748
4900 764
5000 779
5100 798
5200 855
5300 933
5400 987
5500 996
5600 1034
5700 1027
5800 1038
5900 1050
6000 1064
6100 1089
6200 1095
6300 1104
6400 1120
6500 1139
6600 1150
6700 1167
6800 1179
6900 1196
7000 1228
7100 1221
7200 1234
7300 1247
7400 1263
7500 1277
7600 1294
7700 1301
7800 1333
7900 1333
8000 1343
8100 1358
8200 1375
8300 1394
8400 1410
8500 1430
8600 1436
8700 1450
8800 1471
8900 1487
9000 1499
9100 1511
9200 1553
9300 1545
9400 1560
9500 1573
9600 1589
9700 1601
9800 1619
9900 1637
10000 1651
