500 75
600 89
700 127
800 143
900 157
1000 166
1100 180
1200 194
1300 225
1400 277
1500 293
1600 310
1700 323
1800 334
1900 350
2000 368
2100 393
2200 408
2300 424
2400 439
2500 453
2600 491
2700 582
2800 600
2900 615
3000 630
3100 645
3200 667
3300 676
3400 695
3500 708
3600 724
3700 740
3800 757
3900 774
4000 790
4100 807
4200 826
4300 847
4400 858
4500 877
4600 892
4700 908
4800 928
4900 942
5000 959
5100 980
5200 1066
5300 1173
5400 1255
5500 1268
5600 1304
5700 1327
5800 1314
5900 1333
6000 1353
6100 1370
6200 1389
6300 1407
6400 1424
6500 1438
6600 1466
6700 1476
6800 1496
6900 1515
7000 1552
7100 1545
7200 1567
7300 1581
7400 1600
7500 1614
7600 1631
7700 1651
7800 1686
7900 1685
8000 1708
8100 1722
8200 1739
8300 1766
8400 1780
8500 1804
8600 1814
8700 1833
8800 1849
8900 1869
9000 1890
9100 1916
9200 1923
9300 1948
9400 1961
9500 1978
9600 1997
9700 2015
9800 2036
9900 2065
10000 2064
