500 54
600 56
700 94
800 99
900 111
1000 112
1100 118
1200 124
1300 151
1400 199
1500 209
1600 215
1700 220
1800 227
1900 245
2000 248
2100 258
2200 265
2300 272
2400 273
2500 279
2600 326
2700 421
2800 426
2900 433
3000 440
3100 446
3200 458
3300 466
3400 472
3500 484
3600 488
3700 500
3800 505
3900 513
4000 520
4100 526
4200 538
4300 563
4400 556
4500 558
4600 568
4700 574
4800 584
4900 591
5000 605
5100 609
5200 700
5300 806
5400 887
5500 897
5600 930
5700 911
5800 918
5900 937
6000 936
6100 948
6200 956
6300 972
6400 973
6500 986
6600 991
6700 1006
6800 1010
6900 1022
7000 1031
7100 1036
7200 1044
7300 1053
7400 1059
7500 1073
7600 1085
7700 1092
7800 1099
7900 1106
8000 1125
8100 1159
8200 1133
8300 1139
8400 1160
8500 1175
8600 1172
8700 1177
8800 1193
8900 1199
9000 1208
9100 1207
9200 1226
9300 1234
9400 1235
9500 1249
9600 1257
9700 1261
9800 1306
9900 1288
10000 1290
