500 227
600 172
700 233
800 300
900 376
1000 464
1100 304
1200 360
1300 415
1400 477
1500 546
1600 616
1700 695
1800 774
1900 857
2000 945
2100 582
2200 633
2300 687
2400 744
2500 799
2600 864
2700 928
2800 990
2900 1058
3000 1139
3100 1200
3200 1270
3300 1350
3400 1428
3500 1504
3600 1601
3700 1686
3800 1761
3900 1878
4000 1984
4100 1158
4200 1207
4300 1262
4400 1315
4500 1371
4600 1434
4700 1481
4800 1539
4900 1603
5000 1662
5100 1717
5200 1780
5300 1843
5400 1921
5500 1976
5600 2042
5700 2106
5800 2180
5900 2245
6000 2333
6100 2387
6200 2472
6300 2532
6400 2605
6500 2692
6600 2765
6700 2842
6800 2917
6900 3005
7000 3095
7100 3171
7200 3248
7300 3335
7400 3432
7500 3541
7600 3602
7700 3692
7800 3790
7900 3894
8000 3968
8100 2356
8200 2422
8300 2458
8400 2513
8500 2567
8600 2615
8700 2683
8800 2731
8900 2780
9000 2838
9100 2906
9200 2950
9300 3064
9400 3204
9500 3133
9600 3194
9700 3241
9800 3304
9900 3371
10000 3426
