500 443
600 327
700 448
800 577
900 727
1000 895
1100 564
1200 668
1300 779
1400 899
1500 1032
1600 1168
1700 1316
1800 1472
1900 1637
2000 1813
2100 1047
2200 1152
2300 1248
2400 1358
2500 1465
2600 1584
2700 1721
2800 1829
2900 1966
3000 2099
3100 2235
3200 2370
3300 2523
3400 2666
3500 2825
3600 3008
3700 3178
3800 3316
3900 3569
4000 3749
4100 2042
4200 2135
4300 2231
4400 2333
4500 2438
4600 2575
4700 2650
4800 2753
4900 2867
5000 2978
5100 3095
5200 3212
5300 3331
5400 3472
5500 3585
5600 3705
5700 3833
5800 3968
5900 4093
6000 4278
6100 4370
6200 4516
6300 4644
6400 4789
6500 4959
6600 5093
6700 5238
6800 5386
6900 5542
7000 5744
7100 5870
7200 6019
7300 6188
7400 6385
7500 6624
7600 6682
7700 6856
7800 7086
7900 7289
8000 7399
8100 4059
8200 4175
8300 4249
8400 4345
8500 4445
8600 4542
8700 4653
8800 4753
8900 4853
9000 4954
9100 5088
9200 5167
9300 5418
9400 5622
9500 5515
9600 5638
9700 5706
9800 5821
9900 5969
10000 6046
