500 231
600 177
700 238
800 306
900 381
1000 473
1100 315
1200 377
1300 429
1400 493
1500 561
1600 633
1700 717
1800 798
1900 878
2000 966
2100 620
2200 664
2300 726
2400 783
2500 840
2600 910
2700 961
2800 1036
2900 1100
3000 1206
3100 1254
3200 1323
3300 1404
3400 1492
3500 1555
3600 1665
3700 1745
3800 1832
3900 1915
4000 2055
4100 1242
4200 1292
4300 1355
4400 1412
4500 1464
4600 1514
4700 1576
4800 1643
4900 1715
5000 1776
5100 1820
5200 1891
5300 1955
5400 2043
5500 2092
5600 2164
5700 2225
5800 2309
5900 2377
6000 2444
6100 2512
6200 2618
6300 2670
6400 2735
6500 2814
6600 2901
6700 2984
6800 3057
6900 3159
7000 3225
7100 3321
7200 3402
7300 3484
7400 3574
7500 3659
7600 3780
7700 3872
7800 3932
7900 4037
8000 4140
8100 2559
8200 2633
8300 2664
8400 2728
8500 2787
8600 2826
8700 2921
8800 2953
8900 2999
9000 3061
9100 3129
9200 3182
9300 3247
9400 3476
9500 3363
9600 3413
9700 3482
9800 3553
9900 3603
10000 3682
