500 9
600 14
700 15
800 18
900 20
1000 25
1100 33
1200 36
1300 37
1400 40
1500 46
1600 47
1700 52
1800 54
1900 58
2000 57
2100 81
2200 85
2300 89
2400 92
2500 93
2600 98
2700 103
2800 106
2900 110
3000 113
3100 113
3200 119
3300 123
3400 128
3500 134
3600 132
3700 135
3800 136
3900 150
4000 148
4100 190
4200 194
4300 201
4400 202
4500 211
4600 215
4700 219
4800 221
4900 229
5000 232
5100 236
5200 239
5300 243
5400 249
5500 252
5600 258
5700 261
5800 263
5900 266
6000 279
6100 279
6200 284
6300 284
6400 293
6500 303
6600 303
6700 306
6800 308
6900 316
7000 317
7100 323
7200 323
7300 335
7400 337
7500 342
7600 346
7700 350
7800 352
7900 356
8000 365
8100 450
8200 459
8300 462
8400 467
8500 471
8600 479
8700 475
8800 488
8900 490
9000 499
9100 502
9200 503
9300 527
9400 516
9500 523
9600 533
9700 536
9800 538
9900 542
10000 552
