500 427
600 518
700 596
800 672
900 782
1000 828
1100 920
1200 1008
1300 1089
1400 1194
1500 1283
1600 1370
1700 1428
1800 1522
1900 1603
2000 1677
2100 1772
2200 1854
2300 1942
2400 2018
2500 2104
2600 2199
2700 2305
2800 2407
2900 2479
3000 2598
3100 2626
3200 2692
3300 2810
3400 2893
3500 2986
3600 3070
3700 3152
3800 3252
3900 3319
4000 3397
4100 3469
4200 3622
4300 3664
4400 3758
4500 3860
4600 3957
4700 4032
4800 4115
4900 4194
5000 4295
5100 4388
5200 4460
5300 4571
5400 4663
5500 4744
5600 4839
5700 4917
5800 4968
5900 5044
6000 5143
6100 5244
6200 5327
6300 5425
6400 5493
6500 5613
6600 5667
6700 5755
6800 5894
6900 5958
7000 6059
7100 6135
7200 6265
7300 6350
7400 6399
7500 6513
7600 6583
7700 6671
7800 6728
7900 6854
8000 6892
8100 6989
8200 7080
8300 7182
8400 7265
8500 7357
8600 7418
8700 7542
8800 7639
8900 7670
9000 7801
9100 7899
9200 7983
9300 8137
9400 8192
9500 8315
9600 8453
9700 8473
9800 8547
9900 8628
10000 9064
