500 407
600 493
700 587
800 657
900 771
1000 813
1100 897
1200 985
1300 1065
1400 1171
1500 1249
1600 1347
1700 1403
1800 1490
1900 1564
2000 1642
2100 1742
2200 1811
2300 1902
2400 1970
2500 2053
2600 2144
2700 2232
2800 2352
2900 2414
3000 2488
3100 2539
3200 2633
3300 2744
3400 2830
3500 2913
3600 2999
3700 3075
3800 3186
3900 3236
4000 3316
4100 3372
4200 3500
4300 3585
4400 3670
4500 3774
4600 3838
4700 3940
4800 4009
4900 4082
5000 4217
5100 4293
5200 4365
5300 4411
5400 4542
5500 4628
5600 4716
5700 4783
5800 4855
5900 4900
6000 4994
6100 5103
6200 5190
6300 5274
6400 5367
6500 5506
6600 5521
6700 5614
6800 5744
6900 5823
7000 5926
7100 5976
7200 6182
7300 6183
7400 6205
7500 6369
7600 6423
7700 6495
7800 6561
7900 6735
8000 6727
8100 6810
8200 6909
8300 7033
8400 7074
8500 7200
8600 7242
8700 7412
8800 7412
8900 7484
9000 7577
9100 7722
9200 7780
9300 7939
9400 8005
9500 8150
9600 8281
9700 8309
9800 8343
9900 8423
10000 8537
