500 446
600 551
700 617
800 699
900 827
1000 862
1100 957
1200 1049
1300 1135
1400 1229
1500 1342
1600 1429
1700 1479
1800 1576
1900 1671
2000 1760
2100 1849
2200 1935
2300 2024
2400 2102
2500 2195
2600 2294
2700 2400
2800 2494
2900 2612
3000 2687
3100 2791
3200 2810
3300 2918
3400 3020
3500 3118
3600 3208
3700 3293
3800 3386
3900 3476
4000 3554
4100 3621
4200 3831
4300 3822
4400 3929
4500 4032
4600 4129
4700 4216
4800 4310
4900 4394
5000 4480
5100 4588
5200 4671
5300 4746
5400 4897
5500 4968
5600 5060
5700 5184
5800 5201
5900 5276
6000 5441
6100 5500
6200 5575
6300 5691
6400 5778
6500 5865
6600 5949
6700 6042
6800 6216
6900 6250
7000 6292
7100 6433
7200 6545
7300 6688
7400 6714
7500 6810
7600 6920
7700 7007
7800 7054
7900 7144
8000 7229
8100 7332
8200 7459
8300 7538
8400 7629
8500 7720
8600 7825
8700 7826
8800 8057
8900 8050
9000 8212
9100 8288
9200 8411
9300 8538
9400 8596
9500 8682
9600 8934
9700 8871
9800 8994
9900 9042
10000 9142
