500 429
600 511
700 585
800 662
900 748
1000 811
1100 906
1200 990
1300 1069
1400 1184
1500 1259
1600 1335
1700 1404
1800 1502
1900 1575
2000 1631
2100 1727
2200 1818
2300 1902
2400 1982
2500 2066
2600 2161
2700 2284
2800 2376
2900 2411
3000 2620
3100 2550
3200 2634
3300 2768
3400 2830
3500 2928
3600 3004
3700 3090
3800 3186
3900 3245
4000 3322
4100 3414
4200 3537
4300 3586
4400 3676
4500 3774
4600 3906
4700 3940
4800 4026
4900 4108
5000 4188
5100 4285
5200 4344
5300 4557
5400 4551
5500 4636
5600 4741
5700 4786
5800 4848
5900 4957
6000 4996
6100 5130
6200 5218
6300 5311
6400 5336
6500 5470
6600 5533
6700 5609
6800 5724
6900 5801
7000 5959
7100 5996
7200 6069
7300 6179
7400 6279
7500 6361
7600 6406
7700 6512
7800 6570
7900 6685
8000 6722
8100 6827
8200 6874
8300 6977
8400 7093
8500 7152
8600 7189
8700 7388
8800 7449
8900 7476
9000 7616
9100 7688
9200 7758
9300 7934
9400 7976
9500 8115
9600 8145
9700 8241
9800 8306
9900 8419
10000 9514
