500 142
600 150
700 207
800 271
900 282
1000 290
1100 304
1200 315
1300 338
1400 428
1500 514
1600 554
1700 572
1800 585
1900 602
2000 609
2100 621
2200 635
2300 647
2400 657
2500 668
2600 710
2700 808
2800 902
2900 990
3000 1072
3100 1129
3200 1150
3300 1172
3400 1189
3500 1205
3600 1214
3700 1234
3800 1249
3900 1256
4000 1267
4100 1269
4200 1285
4300 1301
4400 1321
4500 1345
4600 1346
4700 1366
4800 1384
4900 1399
5000 1410
5100 1414
5200 1498
5300 1588
5400 1689
5500 1758
5600 1849
5700 1968
5800 2037
5900 2123
6000 2221
6100 2295
6200 2340
6300 2386
6400 2396
6500 2422
6600 2473
6700 2459
6800 2478
6900 2464
7000 2474
7100 2486
7200 2567
7300 2603
7400 2538
7500 2555
7600 2568
7700 2575
7800 2611
7900 2609
8000 2620
8100 2642
8200 2630
8300 2670
8400 2676
8500 2688
8600 3392
8700 2742
8800 2760
8900 2772
9000 2786
9100 2789
9200 2820
9300 2814
9400 2832
9500 2849
9600 2878
9700 2872
9800 2885
9900 2911
10000 2920
