500 135
600 144
700 198
800 259
900 273
1000 277
1100 288
1200 297
1300 320
1400 407
1500 490
1600 529
1700 545
1800 559
1900 570
2000 579
2100 590
2200 600
2300 613
2400 619
2500 629
2600 671
2700 764
2800 849
2900 941
3000 1015
3100 1074
3200 1093
3300 1121
3400 1130
3500 1142
3600 1152
3700 1170
3800 1186
3900 1179
4000 1194
4100 1198
4200 1216
4300 1229
4400 1263
4500 1255
4600 1263
4700 1290
4800 1308
4900 1322
5000 1330
5100 1333
5200 1415
5300 1500
5400 1595
5500 1663
5600 1751
5700 1862
5800 1933
5900 2010
6000 2106
6100 2175
6200 2225
6300 2256
6400 2283
6500 2305
6600 2394
6700 2331
6800 2381
6900 2338
7000 2347
7100 2356
7200 2465
7300 2486
7400 2408
7500 2421
7600 2433
7700 2432
7800 2492
7900 2467
8000 2479
8100 2503
8200 2485
8300 2551
8400 2532
8500 2542
8600 4597
8700 2584
8800 2599
8900 2615
9000 2626
9100 2626
9200 2646
9300 2646
9400 2664
9500 2679
9600 2700
9700 2694
9800 2708
9900 2747
10000 2728
