500 160
600 167
700 229
800 296
900 309
1000 322
1100 338
1200 355
1300 382
1400 476
1500 566
1600 611
1700 630
1800 648
1900 672
2000 681
2100 697
2200 714
2300 732
2400 744
2500 759
2600 806
2700 907
2800 1005
2900 1094
3000 1193
3100 1252
3200 1276
3300 1298
3400 1321
3500 1344
3600 1358
3700 1381
3800 1398
3900 1408
4000 1430
4100 1437
4200 1451
4300 1471
4400 1490
4500 1549
4600 1532
4700 1545
4800 1573
4900 1602
5000 1610
5100 1619
5200 1707
5300 1806
5400 1929
5500 1985
5600 2082
5700 2234
5800 2281
5900 2377
6000 2463
6100 2565
6200 2604
6300 2679
6400 2667
6500 2699
6600 2720
6700 2741
6800 2759
6900 2761
7000 2771
7100 2793
7200 2835
7300 2970
7400 2856
7500 2877
7600 2895
7700 2908
7800 2927
7900 2954
8000 2967
8100 2973
8200 2987
8300 3016
8400 3041
8500 3051
8600 3078
8700 3108
8800 3127
8900 3157
9000 3182
9100 3186
9200 3220
9300 3218
9400 3240
9500 3266
9600 3288
9700 3299
9800 3316
9900 3331
10000 3363
