500 133
600 141
700 196
800 258
900 265
1000 272
1100 287
1200 294
1300 314
1400 401
1500 486
1600 524
1700 543
1800 549
1900 566
2000 569
2100 578
2200 593
2300 598
2400 609
2500 618
2600 654
2700 755
2800 852
2900 936
3000 1009
3100 1061
3200 1082
3300 1099
3400 1118
3500 1130
3600 1134
3700 1152
3800 1165
3900 1182
4000 1177
4100 1172
4200 1189
4300 1204
4400 1212
4500 1233
4600 1243
4700 1265
4800 1272
4900 1274
5000 1292
5100 1292
5200 1373
5300 1459
5400 1543
5500 1626
5600 1714
5700 1809
5800 1899
5900 1984
6000 2096
6100 2146
6200 2192
6300 2224
6400 2240
6500 2262
6600 2307
6700 2306
6800 2295
6900 2294
7000 2306
7100 2309
7200 2402
7300 2354
7400 2351
7500 2367
7600 2376
7700 2386
7800 2416
7900 2406
8000 2414
8100 2452
8200 2420
8300 2445
8400 2457
8500 2473
8600 2501
8700 2534
8800 2556
8900 2545
9000 2551
9100 2557
9200 2595
9300 2580
9400 2592
9500 2603
9600 2647
9700 2623
9800 2633
9900 2657
10000 2671
