500 64
600 72
700 83
800 94
900 105
1000 139
1100 150
1200 161
1300 172
1400 183
1500 195
1600 207
1700 222
1800 231
1900 244
2000 301
2100 314
2200 324
2300 336
2400 349
2500 364
2600 373
2700 386
2800 398
2900 410
3000 425
3100 447
3200 450
3300 464
3400 481
3500 491
3600 505
3700 519
3800 532
3900 589
4000 648
4100 678
4200 675
4300 686
4400 699
4500 714
4600 726
4700 745
4800 760
4900 769
5000 779
5100 793
5200 805
5300 820
5400 833
5500 845
5600 859
5700 876
5800 888
5900 906
6000 920
6100 955
6200 970
6300 982
6400 1020
6500 1026
6600 1009
6700 1021
6800 1031
6900 1046
7000 1058
7100 1094
7200 1088
7300 1123
7400 1137
7500 1163
7600 1152
7700 1179
7800 1275
7900 1350
8000 1388
8100 1402
8200 1423
8300 1434
8400 1447
8500 1468
8600 1494
8700 1487
8800 1502
8900 1515
9000 1530
9100 1544
9200 1563
9300 1574
9400 1591
9500 1626
9600 1651
9700 1658
9800 1673
9900 1687
10000 1672
