500 66
600 75
700 88
800 103
900 116
1000 139
1100 152
1200 164
1300 177
1400 190
1500 206
1600 220
1700 237
1800 251
1900 269
2000 297
2100 312
2200 323
2300 337
2400 351
2500 366
2600 379
2700 394
2800 409
2900 424
3000 443
3100 467
3200 472
3300 487
3400 505
3500 522
3600 539
3700 557
3800 574
3900 606
4000 633
4100 651
4200 665
4300 675
4400 689
4500 713
4600 719
4700 742
4800 751
4900 773
5000 779
5100 795
5200 809
5300 824
5400 841
5500 856
5600 870
5700 893
5800 905
5900 919
6000 939
6100 990
6200 1012
6300 1025
6400 1065
6500 1065
6600 1035
6700 1056
6800 1072
6900 1097
7000 1105
7100 1127
7200 1141
7300 1193
7400 1193
7500 1239
7600 1222
7700 1241
7800 1307
7900 1324
8000 1348
8100 1361
8200 1380
8300 1394
8400 1409
8500 1424
8600 1442
8700 1450
8800 1467
8900 1481
9000 1498
9100 1513
9200 1539
9300 1546
9400 1555
9500 1586
9600 1665
9700 1638
9800 1653
9900 1641
10000 1647
