500 75
600 86
700 99
800 113
900 126
1000 168
1100 181
1200 195
1300 210
1400 223
1500 237
1600 252
1700 274
1800 283
1900 298
2000 366
2100 381
2200 394
2300 410
2400 427
2500 444
2600 455
2700 471
2800 487
2900 503
3000 521
3100 554
3200 553
3300 569
3400 592
3500 604
3600 620
3700 638
3800 653
3900 719
4000 789
4100 833
4200 825
4300 838
4400 857
4500 869
4600 891
4700 909
4800 944
4900 943
5000 961
5100 977
5200 989
5300 1010
5400 1028
5500 1044
5600 1062
5700 1082
5800 1095
5900 1114
6000 1133
6100 1167
6200 1175
6300 1216
6400 1260
6500 1255
6600 1267
6700 1258
6800 1278
6900 1291
7000 1311
7100 1392
7200 1351
7300 1370
7400 1399
7500 1453
7600 1427
7700 1467
7800 1564
7900 1660
8000 1706
8100 1723
8200 1760
8300 1765
8400 1781
8500 1800
8600 1833
8700 1837
8800 1855
8900 1870
9000 1890
9100 1907
9200 1922
9300 1945
9400 1960
9500 2024
9600 1992
9700 2035
9800 2078
9900 2120
10000 2078
