500 51
600 57
700 62
800 66
900 73
1000 111
1100 119
1200 125
1300 131
1400 138
1500 143
1600 150
1700 155
1800 161
1900 167
2000 242
2100 250
2200 256
2300 263
2400 270
2500 284
2600 285
2700 294
2800 299
2900 304
3000 312
3100 321
3200 325
3300 337
3400 346
3500 349
3600 356
3700 363
3800 370
3900 442
4000 524
4100 551
4200 536
4300 545
4400 551
4500 561
4600 568
4700 584
4800 587
4900 593
5000 598
5100 609
5200 617
5300 626
5400 632
5500 637
5600 646
5700 655
5800 664
5900 687
6000 690
6100 708
6200 724
6300 705
6400 736
6500 758
6600 727
6700 749
6800 744
6900 752
7000 759
7100 765
7200 773
7300 807
7400 819
7500 798
7600 809
7700 831
7800 955
7900 1068
8000 1112
8100 1122
8200 1131
8300 1145
8400 1152
8500 1182
8600 1207
8700 1176
8800 1186
8900 1195
9000 1203
9100 1214
9200 1230
9300 1232
9400 1259
9500 1270
9600 1296
9700 1303
9800 1289
9900 1300
10000 1292
