500 91
600 99
700 159
800 171
900 180
1000 191
1100 203
1200 213
1300 238
1400 332
1500 349
1600 359
1700 372
1800 382
1900 396
2000 405
2100 419
2200 431
2300 438
2400 452
2500 464
2600 509
2700 607
2800 700
2900 722
3000 734
3100 742
3200 758
3300 780
3400 788
3500 798
3600 805
3700 825
3800 836
3900 848
4000 864
4100 872
4200 886
4300 901
4400 915
4500 923
4600 942
4700 949
4800 961
4900 976
5000 986
5100 996
5200 1109
5300 1182
5400 1278
5500 1376
5600 1472
5700 1504
5800 1509
5900 1522
6000 1528
6100 1564
6200 1569
6300 1577
6400 1603
6500 1612
6600 1625
6700 1641
6800 1652
6900 1663
7000 1676
7100 1691
7200 1690
7300 1706
7400 1754
7500 1746
7600 1762
7700 1779
7800 1790
7900 1801
8000 1811
8100 1824
8200 1840
8300 1855
8400 1883
8500 1889
8600 1902
8700 1933
8800 1932
8900 1945
9000 1968
9100 1964
9200 1977
9300 1990
9400 2006
9500 2029
9600 2035
9700 2050
9800 2074
9900 2080
10000 2094
