500 86
600 96
700 150
800 162
900 170
1000 182
1100 193
1200 205
1300 228
1400 314
1500 329
1600 338
1700 351
1800 359
1900 375
2000 383
2100 397
2200 407
2300 414
2400 429
2500 439
2600 483
2700 574
2800 659
2900 680
3000 689
3100 698
3200 714
3300 730
3400 737
3500 747
3600 757
3700 776
3800 786
3900 798
4000 805
4100 820
4200 833
4300 849
4400 862
4500 870
4600 882
4700 891
4800 909
4900 922
5000 931
5100 942
5200 1041
5300 1114
5400 1206
5500 1296
5600 1394
5700 1418
5800 1415
5900 1426
6000 1429
6100 1498
6200 1475
6300 1483
6400 1505
6500 1516
6600 1531
6700 1542
6800 1551
6900 1558
7000 1571
7100 1587
7200 1585
7300 1600
7400 1659
7500 1644
7600 1654
7700 1666
7800 1670
7900 1688
8000 1698
8100 1709
8200 1729
8300 1733
8400 1767
8500 1773
8600 1778
8700 1807
8800 1813
8900 1826
9000 1836
9100 1839
9200 1857
9300 1868
9400 1883
9500 1913
9600 1914
9700 1928
9800 1940
9900 1959
10000 1965
