500 103
600 116
700 180
800 197
900 210
1000 223
1100 239
1200 250
1300 279
1400 378
1500 400
1600 415
1700 431
1800 443
1900 461
2000 474
2100 492
2200 508
2300 520
2400 537
2500 553
2600 599
2700 704
2800 807
2900 830
3000 845
3100 858
3200 877
3300 919
3400 916
3500 931
3600 943
3700 963
3800 982
3900 997
4000 1013
4100 1032
4200 1048
4300 1068
4400 1084
4500 1096
4600 1130
4700 1132
4800 1147
4900 1165
5000 1182
5100 1191
5200 1325
5300 1398
5400 1494
5500 1600
5600 1696
5700 1736
5800 1748
5900 1766
6000 1780
6100 1794
6200 1830
6300 1843
6400 1878
6500 1882
6600 1897
6700 1917
6800 1933
6900 1953
7000 1970
7100 1996
7200 1995
7300 2012
7400 2043
7500 2055
7600 2083
7700 2102
7800 2131
7900 2135
8000 2150
8100 2164
8200 2187
8300 2218
8400 2253
8500 2247
8600 2272
8700 2321
8800 2304
8900 2323
9000 2373
9100 2354
9200 2368
9300 2392
9400 2407
9500 2422
9600 2444
9700 2465
9800 2486
9900 2505
10000 2520
