500 84
600 87
700 147
800 156
900 161
1000 169
1100 179
1200 185
1300 209
1400 304
1500 320
1600 326
1700 336
1800 346
1900 352
2000 360
2100 369
2200 380
2300 382
2400 392
2500 401
2600 445
2700 544
2800 636
2900 658
3000 668
3100 671
3200 683
3300 691
3400 711
3500 716
3600 716
3700 736
3800 741
3900 749
4000 776
4100 766
4200 777
4300 786
4400 799
4500 803
4600 815
4700 824
4800 829
4900 841
5000 847
5100 856
5200 963
5300 1034
5400 1135
5500 1232
5600 1327
5700 1358
5800 1366
5900 1375
6000 1377
6100 1400
6200 1402
6300 1405
6400 1428
6500 1439
6600 1448
6700 1466
6800 1473
6900 1478
7000 1489
7100 1491
7200 1492
7300 1507
7400 1561
7500 1541
7600 1549
7700 1570
7800 1571
7900 1581
8000 1587
8100 1600
8200 1605
8300 1616
8400 1630
8500 1649
8600 1657
8700 1671
8800 1679
8900 1686
9000 1696
9100 1701
9200 1706
9300 1710
9400 1728
9500 1752
9600 1747
9700 1757
9800 1797
9900 1777
10000 1798
